0.0 0.0
0.0001 0.00221729736321
0.0002 0.00313018950372
0.0003 0.00382847040851
0.0004 0.00441565782164
0.0005 0.00493184847055
0.0006 0.00539760639879
0.0007 0.00582514759203
0.0008 0.00622243144117
0.0009 0.00659498655839
0.001 0.00694683829293
0.002 0.00976827564238
0.003 0.0119105445002
0.004 0.0137009979865
0.005 0.0152664343556
0.006 0.0166718840903
0.007 0.0179559787942
0.008 0.019143889535
0.009 0.0202531005809
0.01 0.0212963424637
0.011 0.0222832260146
0.012 0.0232212181728
0.013 0.0241162572595
0.014 0.024973158279
0.015 0.0257958897043
0.016 0.0265877682998
0.017 0.027351599828
0.018 0.0280897829503
0.019 0.0288043874483
0.02 0.0294972141201
0.03 0.0355018067713
0.04 0.04034653152
0.05 0.0444335710327
0.06 0.0479697628674
0.07 0.0510784457329
0.08 0.0538403741203
0.09 0.0563119764638
0.1 0.0585346302978
0.11 0.060539829533
0.12 0.0623522702351
0.13 0.0639917962901
0.14 0.06547468108
0.15 0.0668145027554
0.16 0.06802276032
0.17 0.0691093185822
0.18 0.0700827367204
0.19 0.070950515639
0.2 0.071719287378
0.21 0.0723949623512
0.22 0.0729828453519
0.23 0.0734877280591
0.24 0.0739139636148
0.25 0.0742655273437
0.26 0.0745460666389
0.27 0.0747589422864
0.28 0.0749072629583
0.29 0.0749939142066
0.3 0.0750215829925
0.31 0.0749927785631
0.32 0.0749098503206
0.33 0.0747750031955
0.34 0.0745903109385
0.35 0.0743577276639
0.36 0.07407909792
0.37 0.0737561655072
0.38 0.0733905812311
0.39 0.0729839097431
0.4 0.0725376355956
0.41 0.0720531686208
0.42 0.0715318487218
0.43 0.0709749501536
0.44 0.0703836853585
0.45 0.0697592084107
0.46 0.0691026181192
0.47 0.0684149608282
0.48 0.0676972329502
0.49 0.0669503832637
0.5 0.0661753150007
0.51 0.0653728877463
0.52 0.0645439191728
0.53 0.0636891866233
0.54 0.0628094285623
0.55 0.0619053459052
0.56 0.06097760324
0.57 0.0600268299511
0.58 0.0590536212548
0.59 0.0580585391544
0.6 0.0570421133233
0.61 0.056004841922
0.62 0.0549471923546
0.63 0.0538696019711
0.64 0.05277247872
0.65 0.051656201754
0.66 0.0505211219952
0.67 0.0493675626614
0.68 0.0481958197569
0.69 0.0470061625313
0.7 0.0457988339085
0.71 0.044574050888
0.72 0.0433320049209
0.73 0.0420728622626
0.74 0.0407967643039
0.75 0.0395038278814
0.76 0.0381941455706
0.77 0.03686778596
0.78 0.035524793911
0.79 0.0341651908013
0.8 0.0327889747559
0.81 0.0313961208637
0.82 0.0299865813835
0.8205 0.0299156652463
0.821 0.0298447072136
0.8215 0.029773707275
0.822 0.0297026654199
0.8225 0.0296315816376
0.823 0.0295604559172
0.8235 0.0294892882479
0.824 0.0294180786184
0.8245 0.0293468270175
0.825 0.0292755334339
0.8255 0.0292041978559
0.826 0.029132820272
0.8265 0.0290614006702
0.827 0.0289899390387
0.8275 0.0289184353653
0.828 0.0288468896378
0.8285 0.0287753018439
0.829 0.0287036719709
0.8295 0.0286320000063
0.83 0.0285602859373
0.8305 0.028488529751
0.831 0.0284167314342
0.8315 0.0283448909737
0.832 0.0282730083563
0.8325 0.0282010835684
0.833 0.0281291165964
0.8335 0.0280571074265
0.834 0.0279850560448
0.8345 0.0279129624373
0.835 0.0278408265898
0.8355 0.027768648488
0.836 0.0276964281173
0.8365 0.0276241654633
0.837 0.0275518605112
0.8375 0.027479513246
0.838 0.0274071236529
0.8385 0.0273346917165
0.839 0.0272622174217
0.8395 0.027189700753
0.84 0.0271171416949
0.8405 0.0270445402315
0.841 0.0269718963472
0.8415 0.0268992100258
0.842 0.0268264812514
0.8425 0.0267537100076
0.843 0.0266808962779
0.8435 0.026608040046
0.844 0.0265351412951
0.8445 0.0264622000084
0.845 0.026389216169
0.8455 0.0263161897597
0.846 0.0262431207634
0.8465 0.0261700091626
0.847 0.02609685494
0.8475 0.0260236580778
0.848 0.0259504185582
0.8485 0.0258771363635
0.849 0.0258038114754
0.8495 0.0257304438759
0.85 0.0256570335465
0.8505 0.0255835804689
0.851 0.0255100846245
0.8515 0.0254365459944
0.852 0.0253629645599
0.8525 0.0252893403019
0.853 0.0252156732012
0.8535 0.0251419632387
0.854 0.0250682103948
0.8545 0.0249944146501
0.855 0.0249205759847
0.8555 0.024846694379
0.856 0.0247727698128
0.8565 0.0246988022662
0.857 0.0246247917188
0.8575 0.0245507381503
0.858 0.0244766415402
0.8585 0.0244025018678
0.859 0.0243283191124
0.8595 0.0242540932529
0.86 0.0241798242685
0.8605 0.0241055121377
0.861 0.0240311568394
0.8615 0.023956758352
0.862 0.023882316654
0.8625 0.0238078317236
0.863 0.0237333035389
0.8635 0.0236587320779
0.864 0.0235841173184
0.8645 0.0235094592383
0.865 0.023434757815
0.8655 0.0233600130259
0.866 0.0232852248485
0.8665 0.0232103932598
0.867 0.023135518237
0.8675 0.0230605997568
0.868 0.0229856377961
0.8685 0.0229106323315
0.869 0.0228355833394
0.8695 0.0227604907963
0.87 0.0226853546784
0.8705 0.0226101749617
0.871 0.0225349516222
0.8715 0.0224596846357
0.872 0.0223843739779
0.8725 0.0223090196243
0.873 0.0222336215503
0.8735 0.0221581797313
0.874 0.0220826941423
0.8745 0.0220071647583
0.875 0.0219315915543
0.8755 0.0218559745049
0.876 0.0217803135847
0.8765 0.0217046087683
0.877 0.0216288600299
0.8775 0.0215530673438
0.878 0.0214772306839
0.8785 0.0214013500242
0.879 0.0213254253386
0.8795 0.0212494566006
0.88 0.0211734437837
0.8805 0.0210973868615
0.881 0.021021285807
0.8815 0.0209451405934
0.882 0.0208689511938
0.8825 0.0207927175809
0.883 0.0207164397275
0.8835 0.0206401176061
0.884 0.0205637511892
0.8845 0.020487340449
0.885 0.0204108853579
0.8855 0.0203343858877
0.886 0.0202578420105
0.8865 0.0201812536979
0.887 0.0201046209217
0.8875 0.0200279436533
0.888 0.0199512218641
0.8885 0.0198744555253
0.889 0.019797644608
0.8895 0.0197207890832
0.89 0.0196438889218
0.8905 0.0195669440944
0.891 0.0194899545716
0.8915 0.0194129203239
0.892 0.0193358413214
0.8925 0.0192587175345
0.893 0.0191815489331
0.8935 0.0191043354871
0.894 0.0190270771663
0.8945 0.0189497739403
0.895 0.0188724257786
0.8955 0.0187950326507
0.896 0.0187175945256
0.8965 0.0186401113725
0.897 0.0185625831604
0.8975 0.0184850098581
0.898 0.0184073914343
0.8985 0.0183297278576
0.899 0.0182520190964
0.8995 0.0181742651189
0.9 0.0180964658934
0.9005 0.0180186213879
0.901 0.0179407315703
0.9015 0.0178627964083
0.902 0.0177848158696
0.9025 0.0177067899216
0.903 0.0176287185319
0.9035 0.0175506016675
0.904 0.0174724392955
0.9045 0.0173942313831
0.905 0.0173159778969
0.9055 0.0172376788037
0.906 0.01715933407
0.9065 0.0170809436623
0.907 0.017002507547
0.9075 0.0169240256901
0.908 0.0168454980577
0.9085 0.0167669246157
0.909 0.0166883053299
0.9095 0.0166096401659
0.91 0.0165309290893
0.9105 0.0164521720653
0.911 0.0163733690594
0.9115 0.0162945200365
0.912 0.0162156249617
0.9125 0.0161366837997
0.913 0.0160576965154
0.9135 0.0159786630733
0.914 0.0158995834378
0.9145 0.0158204575733
0.915 0.0157412854439
0.9155 0.0156620670138
0.916 0.0155828022468
0.9165 0.0155034911067
0.917 0.0154241335572
0.9175 0.0153447295618
0.918 0.0152652790839
0.9185 0.0151857820868
0.919 0.0151062385336
0.9195 0.0150266483873
0.92 0.0149470116107
0.9205 0.0148673281667
0.921 0.0147875980178
0.9215 0.0147078211265
0.922 0.014627997455
0.9225 0.0145481269658
0.923 0.0144682096207
0.9235 0.0143882453818
0.924 0.0143082342109
0.9245 0.0142281760697
0.925 0.0141480709197
0.9255 0.0140679187223
0.926 0.0139877194388
0.9265 0.0139074730305
0.927 0.0138271794582
0.9275 0.013746838683
0.928 0.0136664506655
0.9285 0.0135860153665
0.929 0.0135055327463
0.9295 0.0134250027655
0.93 0.0133444253842
0.9305 0.0132638005625
0.931 0.0131831282604
0.9315 0.0131024084378
0.932 0.0130216410544
0.9325 0.0129408260697
0.933 0.0128599634433
0.9335 0.0127790531344
0.934 0.0126980951022
0.9345 0.0126170893059
0.935 0.0125360357043
0.9355 0.0124549342562
0.936 0.0123737849203
0.9365 0.0122925876552
0.937 0.0122113424192
0.9375 0.0121300491707
0.938 0.0120487078677
0.9385 0.0119673184683
0.939 0.0118858809305
0.9395 0.0118043952118
0.94 0.01172286127
0.9405 0.0116412790626
0.941 0.0115596485469
0.9415 0.0114779696802
0.942 0.0113962424196
0.9425 0.011314466722
0.943 0.0112326425442
0.9435 0.0111507698431
0.944 0.0110688485752
0.9445 0.0109868786968
0.945 0.0109048601645
0.9455 0.0108227929343
0.946 0.0107406769623
0.9465 0.0106585122045
0.947 0.0105762986166
0.9475 0.0104940361543
0.948 0.0104117247732
0.9485 0.0103293644287
0.949 0.010246955076
0.9495 0.0101644966704
0.95 0.0100819891668
0.9505 0.00999943252011
0.951 0.00991682668513
0.9515 0.00983417161648
0.952 0.00975146726866
0.9525 0.00966871359605
0.953 0.00958591055289
0.9535 0.00950305809329
0.954 0.00942015617125
0.9545 0.00933720474062
0.955 0.00925420375512
0.9555 0.00917115316835
0.956 0.00908805293378
0.9565 0.00900490300475
0.957 0.00892170333446
0.9575 0.00883845387599
0.958 0.0087551545823
0.9585 0.00867180540619
0.959 0.00858840630037
0.9595 0.0085049572174
0.96 0.0084214581097
0.9605 0.00833790892958
0.961 0.00825430962921
0.9615 0.00817066016063
0.962 0.00808696047577
0.9625 0.00800321052641
0.963 0.0079194102642
0.9635 0.00783555964068
0.964 0.00775165860723
0.9645 0.00766770711514
0.965 0.00758370511553
0.9655 0.00749965255943
0.966 0.00741554939772
0.9665 0.00733139558114
0.967 0.00724719106033
0.9675 0.00716293578577
0.968 0.00707862970785
0.9685 0.00699427277679
0.969 0.0069098649427
0.9695 0.00682540615557
0.97 0.00674089636524
0.9705 0.00665633552145
0.971 0.00657172357378
0.9715 0.0064870604717
0.972 0.00640234616455
0.9725 0.00631758060153
0.973 0.00623276373172
0.9735 0.00614789550409
0.974 0.00606297586744
0.9745 0.00597800477048
0.975 0.00589298216177
0.9755 0.00580790798974
0.976 0.00572278220271
0.9765 0.00563760474886
0.977 0.00555237557623
0.9775 0.00546709463276
0.978 0.00538176186623
0.9785 0.00529637722431
0.979 0.00521094065455
0.9795 0.00512545210435
0.98 0.005039911521
0.9805 0.00495431885165
0.981 0.00486867404332
0.9815 0.00478297704291
0.982 0.0046972277972
0.9825 0.00461142625281
0.983 0.00452557235628
0.9835 0.00443966605398
0.984 0.00435370729216
0.9845 0.00426769601697
0.985 0.00418163217439
0.9855 0.00409551571031
0.986 0.00400934657046
0.9865 0.00392312470047
0.987 0.00383685004582
0.9875 0.00375052255188
0.988 0.00366414216388
0.9885 0.00357770882692
0.989 0.00349122248599
0.9895 0.00340468308593
0.99 0.00331809057147
0.9905 0.0032314448872
0.991 0.00314474597758
0.9915 0.00305799378697
0.992 0.00297118825956
0.9925 0.00288432933945
0.993 0.00279741697059
0.9935 0.00271045109681
0.994 0.00262343166181
0.9945 0.00253635860916
0.995 0.00244923188232
0.9955 0.00236205142459
0.996 0.00227481717918
0.9965 0.00218752908914
0.997 0.00210018709741
0.9975 0.00201279114681
0.998 0.00192534118001
0.9985 0.00183783713956
0.999 0.0017502789679
0.9995 0.00166266660732
1.0 0.001575
